-0.3141562869431114
0.4695063438019268
0.5970955314329108
-0.3325338918151906
0.2752547723987302
1.012251697218264
1.2478171463577656
0.728398003854911
0.4083812027092333
-0.1836038302407056
0.26830782996293545
0.1208757023212567
0.6975408173128056
0.6401843839191439
-0.0770133119818302
-0.578102889247466
-1.0067198965982689
-0.40222798990012965
-0.11849874607610394
0.1815451031159125
0.11733797082191996
0.9639402979811948
1.052110459256218
0.8261327682793361
0.6087356298008711
0.4262272101372343
0.24428596712599365
0.3361266026232028
0.6849681891831905
0.5999913595061179
0.9632331193326138
0.14017368561726695
-0.4657517647888219
0.12514403176618175
0.0481759419602365
0.026732354983662776
0.4150720419011237
1.0995267833486386
0.9825314887306085
2.200674051531097
1.917133286184424
2.0467680327220807
0.5851711122928258
0.273417624039234
-0.3866837909184222
-0.5170506821375263
0.010939686352281208
0.22280838954084456
0.43297859163658625
0.25084766839848016
0.6510559715620616
-0.23355898109533924
-0.9425914298088467
-0.15750156117948033
-0.08478122147007461
-0.3032934711243345
-0.4180525817629215
-0.31938562003987114
0.22528444186789418
0.7503748067507332
0.2578218712901948
0.5137088696252374
0.5513885571914108
0.29024437599644437
-0.3870646606197923
0.3901343952988437
0.06063246785042842
0.6148600890157185
0.757668968344112
-0.1408186211415543
-0.48012192043639174
-0.5073776617226582
0.035621991128138464
0.3653746607205989
-0.32320993207157034
-0.04679159317703824
0.08782874964212048
0.11840842206539867
0.5834501055218011
0.008859129062831095
