  -72                  2
  -68                  0
  -72                  2
  -64                 72
  -60                144
  -56               1620
  -52               6048
  -48              35148
  -44             159840
  -40             804078
  -36            3846576
  -32           17569080
  -28           71789328
  -24          260434986
  -20          808871328
  -16         2122173684
  -12         4616013408
   -8         8196905106
   -4        11674988208
    0        13172279424
    4        11674988208
    8         8196905106
   12         4616013408
   16         2122173684
   20          808871328
   24          260434986
   28           71789328
   32           17569080
   36            3846576
   40             804078
   44             159840
   48              35148
   52               6048
   56               1620
   60                144
   64                 72
   68                  0
   72                  2
